# id	left	top	right	bottom	texture_id
[SPRITES]

#WALK LEFT
72000	6	129	21	155	10
73000	28	129	43	155	10
#WALK RIGHT
74000	318	130	332	155	10
75000	295	129	311	155	10
#SHELL
76000	50	139	65	154	10
77000	71	139	88	154	10
#WINGED
77001	93	130	108	155	10
77002	114	130	129	155	10
77003	135	129	150	155	10
77004	157	129	172	155	10
# ani_id	sprite1_id	time1	sprite2_id	time2	...
[ANIMATIONS]
6000	72000	100	73000	100
6100	74000	100	75000	100
6001	76000	100
6002	76000	100
6003	76000	100
6005	77001	100	77002	100	77003	100	77004	100