# id	left	top	right	bottom	texture_id
[SPRITES]
#####  BIG ###############
#IDLE
11121	246	154	259	181	0
11111	186	154	199	181	0

#WALKING RIGHT
11222	275	154	290	181	0
11223	304	154	321	181	0

#WALKING LEFT
11212	155	154	170	181	0
11213	125	154	140	181	0

#RUNNING RIGHT
11321	334	154	355	181	0
11322	334	154	355	181	0
11323	392	154	413	181	0

#RUNNING LEFT
11311	91	154	112	181	0
11312	65	154	86	181	0
11313	34	154	55	181	0

#JUMP WALK RIGHT
11417	395	275	412	302	0
11413	35	275	52	302	0

#JUMP RUN RIGHT & LEFT
11427	394	195	413	222	0
11423	35	195	52	222	0

#SIT RIGHT & LEFT 
11521	426	239	441	256	0
11511	5	239	20	256	0

#BRACE RIGHT & LEFT 
11621	425	154	442	181	0
11611	5	154	22	181	0

#DIE
13001	215	120	234	137	0

############ SMALL ################
 #IDLE
12121	247	0	260	15	0
12111	187	0	200	15	0

#WALK RIGHT
12222	275	0	292	15	0
12223	306	0	321	15	0

#WALK LEFT
12212	155	0	170	15	0
12213	125	0	140	15	0

#RUN RIGHT
12321	275	0	290	15	0
12322	306	0	321	15	0
12323	335	0	350	15	0

#RUN LEFT
12311	155	0	170	15	0
12312	125	0	140	15	0
12313	95	0	110	15	0

#BRACE RIGHT & LEFT
12511	6	0	19	15	0
12521	426	0	439	15	0

#JUMP WALK RIGHT & LEFT 
12413	35	80	50	95	0
12417	395	80	410	95	0

#JUMP RUN RIGHT & LEFT 
12423	65	40	80	55	0
12427	365	40	380	55	0


################TANUKI######################

#idle
12600	182	634	202	661	0
12601	243	634	263	661	0

#BRACE RIGHT & LEFT 
12640	5	633	20	662	0
12641	425	633	440	662	0

#walking left
12610	122	634	142	661	0
12611	152	634	173	661	0
#walking right
12620	303	634	323	661	0
12621	272	634	293	661	0

#JUMP RIGHT - LEFT
12630	31	754	53	780	0
12631	392	754	414	780	0

#RUN LEFT - RIGHT
12650	31	634	52	660	0
12651	61	634	83	661	0
12652	91	634	114	661	0

12653	393	634	413	660	0
12654	362	634	384	661	0
12655	331	634	354	661	0

#JUMP - RUN
12660	61	714	84	741	0
12661	91	714	114	740	0

12662	331	714	354	740	0
12663	361	714	384	741	0
#FLY
12664	61	714	84	741	0
12665	91	714	114	741	0
12666	331	714	355	741	0
12667	361	714	385	741	0
#FALL
12668	122	874	143	901	0
12669	302	874	323	901	0
#ATTACK
#RIGHT
12670	331	634	353	661	0
12671	215	633	230	661	0
12672	215	674	230	701	0
#LEFT
12673	91	634	114	661	0

# ani_id	sprite1_id	time1	sprite2_id	time2	...
[ANIMATIONS]
400	11121	100
401	11111	100

#WALKING RIGHT & LEFT 
500	11121	100	11222	100	11223	100
501	11111	100	11212	100	11213	100

#RUNNING RIGHT & LEFT
600	11321	50	11322	50	11323	50
601	11311	50	11312	50	11313	50

#JUMP WALK
700	11417	100
701	11413	100

#JUMP RUN
800	11427	100
801	11423	100

#SIT RIGHT & LEFT 
900	11521	100
901	11511	100

#BRACE RIGHT & LEFT 
1000	11621	100
1001	11611	100

#DIE
999	13001	100

################### SMALL #################
1100	12121	100
1102	12111	100


#WALK LEFT & RIGHT 
1200	12121	100	12222	100	12223	100
1201	12111	100	12212	100	12213	100

#RUN LEFT & RIGHT
1300	12321	100	12322	100	12323	100
1301	12311	100	12312	100	12313	100

#BRACE LEFT & RIGHT
1401	12511	100
1400	12521	100

#JUMP WALK
1500	12417	100
1501	12413	100

#JUMP RUN 
1601	12423	100
1600	12427	100
###TANUKI###
# Idle Right & Left
1701	12600	100
1700	12601	100

# Walking Right & Left
1702	12620	100	12621	100
1703	12610	100	12611	100

# Running Right & Left
1704	12653	100	12654	100	12655	100
1705	12650	100	12651	100	12652	100

# Jumping Walk Right & Left
1707	12630	100
1706	12631	100

# Jumping Run Right & Left
1709	12662	100	12663	100
1708	12660	100	12661	100

# Flying Right & Left
1710	12664	100	12665	100
1711	12666	100	12667	100

# Falling Right & Left
1713	12668	100
1712	12669	100
#Attack
1720	12670	100	12671	100	12672	100
1721	12673	100	12671	100	12672	100
# Bracing Right & Left
2102	12640	100
2103	12641	100

# Sitting Right & Left
2200	12600	100
2201	12601	100