# list of object assets to load in this scene
[ASSETS]
mario.txt
coin.txt
cloud.txt
brick.txt
koopas.txt
questionbox.txt
ground.txt
goomba.txt
redmushroom.txt
bullet.txt
pakkun.txt
colorplatform.txt
background.txt
bush.txt
pipe.txt
#
[OBJECTS]
# type	x	y	extra_settings per object type
# type: 0 = Mario , 1 = Brick, 2 = Goomba, 3 = Koopas
# See OBJECT_TYPE constants in AssetIDs.h

# MARIO
0	120	10
# COIN


# Goomba
2	200	160
2	520	100
# Koopas
3	520	110
#Pakkun
6 	438	155
# Platform
5	430	148	16	15	2	8801	8802	8802
5	430	164	16	15	2	8803	8804	8804
5	16	180	16	15	50	33001	33002	33003
5	16	196	16	15	50	50	51	52
5	700	148	16	15	40	33001	33002	33003
5	700	164	16	15	40	50	51	52
5	700	180	16	15	40	50	51	52
5	700	196	16	15	40	50	51	52
7	300	140	16	15	4	15100	15101	15102
7	350	100	16	15	4	15103	15104	15105
7	470	100	16	15	6	15109	15110	15111
7	570	60	16	15	4	15103	15104	15105
7	500	130	16	15	10	15100	15101	15102
#EdgeChecker
55	490	110
55	650	110
# QuestionBox
8	160	100	0
8	145	100	0
8	310	60	1
8	295	60	0
8 	715	132	1
# BACKGROUND
# CLOUD
60	250	16	16	15	3	1	2	3
60	250	32	16	15	3	4	5	6
60	350	16	16	15	3	1	2	3
60	350	32	16	15	3	4	5	6
60	550	16	16	15	3	1	2	3
60	550	32	16	15	3	4	5	6
# COLORBOX
60	300	156	16	15	4	20	21	22
60	300	164	16	15	4	23	24	25
60	350	116	16	15	4	26	27	28
60	350	132	16	15	4	26	27	28
60	366	148	16	15	3	27	27	28
60	366	164	16	15	3	30	30	31
60	470	116	16	15	6	38	39	40
60	470	132	16	15	6	38	39	40
60	470	148	16	15	6	38	39	40
60	470	164	16	15	6	41	42	43
60	570	76	16	15	4	26	27	28
60	570	92	16	15	4	26	27	28
60	570	108	16	15	4	26	27	28
60	570	124	16	15	4	26	27	28
60	570	140	16	15	4	26	27	28
60	570	156	16	15	4	26	27	28
60	570	164	16	15	4	29	30	31
60	500	146	16	15	10	20	21	22
60	500	162	16	15	10	20	21	22

60	500	164	16	15	10	23	24	25

# BUSH
60	100	164	16	15	2	13	14	14
60	140	164	16	15	2	13	14	14
60	140	148	16	15	2	13	14	14
60	100	148	16	15	2	11	12	12
60	140	132	16	15	2	11	12	12
60	200	164	16	15	1	17	12	17
60	216	164	16	15	1	17	12	17
60	232	164	16	15	1	17	12	17
60	730	132	16	15	4	17	17	17
